a 0 417 770 616 0 135 335 18 398 0 81 1514 308 1178 18 380 0 1115 580 1568 163 126 108 0 145 18
b 1458 69 0 0 1875 0 0 0 972 34 0 1493 69 0 1180 0 0 1284 277 69 1076 0 0 0 138 0
c 1163 0 90 0 1265 0 0 903 666 0 350 576 0 0 2971 0 0 519 33 903 451 0 0 0 101 0
d 700 0 0 144 3768 48 193 24 2777 0 0 144 48 24 652 0 0 628 72 24 458 24 24 0 241 0
e 661 27 616 498 335 154 54 18 45 9 36 571 553 1831 54 126 181 1976 752 353 0 308 45 698 81 9
f 1500 0 0 0 1533 400 0 0 1766 0 0 833 0 0 1866 0 0 766 0 266 966 0 0 0 100 0
g 1310 34 0 0 2172 0 103 1103 1137 0 0 310 34 689 482 0 0 1517 103 0 793 0 0 0 206 0
h 1767 93 46 46 2976 0 0 0 1627 0 0 93 93 46 1813 0 0 0 0 604 511 0 46 0 232 0
i 288 131 954 420 262 210 245 0 0 0 0 516 367 2749 1243 140 8 227 709 1024 26 402 017 0 52
j 731 0 0 0 2195 0 0 0 0 0 0 0 0 0 2682 0 0 0 0 0 4390 0 0 0 0 0
k 0 0 0 175 4912 175 0 0 2105 0 0 350 0 1754 0 0 0 0 175 0 0 0 175 0 175 0
l 982 0 44 238 2306 133 0 0 1547 0 89 1294 44 29 907 44 0 0 29 223 357 104 0 0 16220
m 2017 350 0 0 2478 65 0 0 1293 0 0 0 679 43 1337 1206 0 0 21 0 350 0 0 0 153 0
n 688 0 847 1231 1298 145 966 0 609 0 105 13 39 172 516 0 0 0 754 2158 264 119 0 0 66 0
o 81 231 299 354 27 245 149 0 108 13 190 367 381 2874 190 585 0 1335 395 422 790 340 490 40 81 0
p 1324 17 0 0 1620 0 0 348 522 0 0 1010 34 0 1358 313 0 2543 52 313 505 0 0 0 34 0
q 0 0 0 0 0 0 0 0 0 0 0 0 0 0 0 0 0 0 0 0 10000 0 0 0 0 0
r 1136 71 194 368 2978 92 133 30 941 0 184 153 409 255 450 143 0 429 399 788 245 225 61 0 307 0
s 464 9 395 19 1462 79 0 662 1175 0 108 177 148 29 583 662 29 9 573 2272 958 0 88 088 0
t 966 0 97 0 2421 0 0 933 2442 0 0 228 54 21 618 10 0 1020 32 238 369 0 54 0 488 0
u 528 100 478 226 654 25 277 0 352 0 0 881 277 2040 25 327 0 1738 1284 780 0 0 0 0 0 0
v 1642 0 0 0 5120 0 0 0 2318 0 0 0 0 0 821 0 0 0 0 0 48 0 0 0 48 0
w 2037 0 0 0 1851 0 0 1728 1913 0 0 123 0 308 1419 0 0 432 123 0 0 0 0 0 61 0
x 714 0 0 0 1428 0 0 0 3571 0 0 0 0 0 0 714 0 0 0 2142 1428 0 0 0 0 0
y 1052 526 526 175 1754 0 175 0 526 0 0 350 175 0 1929 0 0 0 1754 526 0 0 526 0 0 0
z 1818 0 0 0 5454 0 0 0 909 0 0 0 0 0 1818 0 0 0 0 0 0 0 0 0 0 0